--[=[
 d888b  db    db d888888b      .d888b.      db      db    db  .d8b.  
88' Y8b 88    88   `88'        VP  `8D      88      88    88 d8' `8b 
88      88    88    88            odD'      88      88    88 88ooo88 
88  ooo 88    88    88          .88'        88      88    88 88~~~88 
88. ~8~ 88b  d88   .88.        j88.         88booo. 88b  d88 88   88    @uniquadev
 Y888P  ~Y8888P' Y888888P      888888D      Y88888P ~Y8888P' YP   YP  CONVERTER 
]=]
if game.Players.LocalPlayer.Name~="benayaop17" then return end
-- Instances: 515 | Scripts: 0 | Modules: 0 | Tags: 0
local G2L = {};
if game.Players.LocalPlayer.PlayerGui:FindFirstChild("ChilliLibUI") then
	game.Players.LocalPlayer.PlayerGui:FindFirstChild("ChilliLibUI"):Destroy()
end
-- StarterGui.ChilliLibUI
G2L["1"] = Instance.new("ScreenGui", game:GetService("Players").LocalPlayer:WaitForChild("PlayerGui"));
G2L["1"]["IgnoreGuiInset"] = true;
G2L["1"]["DisplayOrder"] = 10000;
G2L["1"]["ScreenInsets"] = Enum.ScreenInsets.None;
G2L["1"]["Name"] = [[ChilliLibUI]];
G2L["1"]["ZIndexBehavior"] = Enum.ZIndexBehavior.Sibling;
G2L["1"]["ResetOnSpawn"] = false;
















local cfs = {
	[1] = {
		[1] = {
			Pos = CFrame.new(-320.126007, -7.00197601, 185.293854, -0.993426561, 8.15787828e-08, 0.114471443, 6.94306905e-08, 1, -1.10110349e-07, -0.114471443, -1.01438715e-07, -0.993426561),
			Main = CFrame.new(-317.978027, -7.00197697, 195.500565, -0.999318898, -9.7737427e-09, 0.036901284, -9.1156318e-09, 1, 1.80026198e-08, -0.036901284, 1.76539814e-08, -0.999318898)
		},
		[2] = {
			Pos = CFrame.new(-320.126007, -7.00197601, 185.293854, -0.993426561, 8.15787828e-08, 0.114471443, 6.94306905e-08, 1, -1.10110349e-07, -0.114471443, -1.01438715e-07, -0.993426561),
			Jump = 25,
			Main = CFrame.new(-317.978027, -7.00197697, 195.500565, -0.999318898, -9.7737427e-09, 0.036901284, -9.1156318e-09, 1, 1.80026198e-08, -0.036901284, 1.76539814e-08, -0.999318898) + Vector3.new(0, 25, 0)
		},
		[3] = {
			Pos = CFrame.new(-320.126007, -7.00197601, 185.293854, -0.993426561, 8.15787828e-08, 0.114471443, 6.94306905e-08, 1, -1.10110349e-07, -0.114471443, -1.01438715e-07, -0.993426561),
			Jump = 35,
			Main = CFrame.new(-317.978027, -7.00197697, 195.500565, -0.999318898, -9.7737427e-09, 0.036901284, -9.1156318e-09, 1, 1.80026198e-08, -0.036901284, 1.76539814e-08, -0.999318898) + Vector3.new(0, 35, 0)
		},
	},
	[2] = {
		[1] = {
			Pos = CFrame.new(-312.955078, -7.00197697, 138.755676, 0.999429941, 1.72577472e-08, 0.0337606855, -1.58854689e-08, 1, -4.09154275e-08, -0.0337606855, 4.03557969e-08, 0.999429941),
			Main = CFrame.new(-312.955078, -7.00197697, 138.755676, 0.999429941, 1.72577472e-08, 0.0337606855, -1.58854689e-08, 1, -4.09154275e-08, -0.0337606855, 4.03557969e-08, 0.999429941),
		},
		[2] = {
			Pos = CFrame.new(-318.78595, -7.00197697, 150.240097, -0.84906584, 8.72747474e-09, 0.528286994, 3.25926948e-08, 1, 3.58628363e-08, -0.528286994, 4.76682054e-08, -0.84906584),
			Jump = 25,
			Main = CFrame.new(-312.955078, -7.00197697, 138.755676, 0.999429941, 1.72577472e-08, 0.0337606855, -1.58854689e-08, 1, -4.09154275e-08, -0.0337606855, 4.03557969e-08, 0.999429941) + Vector3.new(0, 25, 0),
		},
		[3] = {
			Pos = CFrame.new(-318.78595, -7.00197697, 150.240097, -0.84906584, 8.72747474e-09, 0.528286994, 3.25926948e-08, 1, 3.58628363e-08, -0.528286994, 4.76682054e-08, -0.84906584),
			Jump = 35,
			Main = CFrame.new(-312.955078, -7.00197697, 138.755676, 0.999429941, 1.72577472e-08, 0.0337606855, -1.58854689e-08, 1, -4.09154275e-08, -0.0337606855, 4.03557969e-08, 0.999429941) + Vector3.new(0, 35, 0),
		},
	},
	[3] = {
		[1] = {
			Pos = CFrame.new(-321.46579, -7.00197744, 31.7368622, 0.999963939, 1.56384612e-08, -0.00848987978, -1.56016018e-08, 1, 4.4078412e-09, 0.00848987978, -4.2752264e-09, 0.999963939),
			Main = CFrame.new(-321.46579, -7.00197744, 31.7368622, 0.999963939, 1.56384612e-08, -0.00848987978, -1.56016018e-08, 1, 4.4078412e-09, 0.00848987978, -4.2752264e-09, 0.999963939),
		},
		[2] = {
			Pos = CFrame.new(-323.534607, -7.00197697, 50.1859779, -0.98889327, 1.06619549e-08, 0.148627415, 8.27610369e-10, 1, -6.62296173e-08, -0.148627415, -6.53710188e-08, -0.98889327),
			Jump = 25,
			Main = CFrame.new(-321.46579, -7.00197744, 31.7368622, 0.999963939, 1.56384612e-08, -0.00848987978, -1.56016018e-08, 1, 4.4078412e-09, 0.00848987978, -4.2752264e-09, 0.999963939) + Vector3.new(0, 25, 0),
		},
		[3] = {
			Pos = CFrame.new(-323.534607, -7.00197697, 50.1859779, -0.98889327, 1.06619549e-08, 0.148627415, 8.27610369e-10, 1, -6.62296173e-08, -0.148627415, -6.53710188e-08, -0.98889327),
			Jump = 35,
			Main = CFrame.new(-321.46579, -7.00197744, 31.7368622, 0.999963939, 1.56384612e-08, -0.00848987978, -1.56016018e-08, 1, 4.4078412e-09, 0.00848987978, -4.2752264e-09, 0.999963939) + Vector3.new(0, 35, 0),
		}
	},
	[4] = {
		[1] = {
			Pos = CFrame.new(-316.478485, -7.00197697, -74.9820938, 0.998398244, 1.83832967e-08, -0.056577336, -1.22516637e-08, 1, 1.08723e-07, 0.056577336, -1.07855683e-07, 0.998398244),
			Main = CFrame.new(-316.478485, -7.00197697, -74.9820938, 0.998398244, 1.83832967e-08, -0.056577336, -1.22516637e-08, 1, 1.08723e-07, 0.056577336, -1.07855683e-07, 0.998398244)
		},
		[2] = {
			Pos = CFrame.new(-324.118561, -7.00197554, -59.6366196, -0.882893205, -1.91000726e-08, 0.469573796, -9.95208027e-10, 1, 3.88041457e-08, -0.469573796, 3.37925954e-08, -0.882893205),
			Jump = 25,
			Main = CFrame.new(-316.478485, -7.00197697, -74.9820938, 0.998398244, 1.83832967e-08, -0.056577336, -1.22516637e-08, 1, 1.08723e-07, 0.056577336, -1.07855683e-07, 0.998398244) + Vector3.new(0, 25, 0)
		},
		[3] = {
			Pos = CFrame.new(-324.118561, -7.00197554, -59.6366196, -0.882893205, -1.91000726e-08, 0.469573796, -9.95208027e-10, 1, 3.88041457e-08, -0.469573796, 3.37925954e-08, -0.882893205),
			Jump = 35,
			Main = CFrame.new(-316.478485, -7.00197697, -74.9820938, 0.998398244, 1.83832967e-08, -0.056577336, -1.22516637e-08, 1, 1.08723e-07, 0.056577336, -1.07855683e-07, 0.998398244) + Vector3.new(0, 35, 0)
		},
	},
	[5] = {
		[1] = {
			Pos = CFrame.new(-504.784607, -7.00197697, 195.516968, -0.997308433, 4.82475659e-09, 0.0733204111, 5.50838486e-09, 1, 9.121635e-09, -0.0733204111, 9.50096091e-09, -0.997308433),
			Main = CFrame.new(-504.784607, -7.00197697, 195.516968, -0.997308433, 4.82475659e-09, 0.0733204111, 5.50838486e-09, 1, 9.121635e-09, -0.0733204111, 9.50096091e-09, -0.997308433)
		},
		[2] = {
			Pos = CFrame.new(-506.302856, -7.00197697, 181.363556, -0.5107342, 4.47635635e-08, 0.859738648, 9.2690847e-08, 1, 2.99721759e-09, -0.859738648, 8.12206906e-08, -0.5107342),
			Jump = 25,
			Main = CFrame.new(-504.784607, -7.00197697, 195.516968, -0.997308433, 4.82475659e-09, 0.0733204111, 5.50838486e-09, 1, 9.121635e-09, -0.0733204111, 9.50096091e-09, -0.997308433) + Vector3.new(0, 25, 0)
		},
		[3] = {
			Pos = CFrame.new(-506.302856, -7.00197697, 181.363556, -0.5107342, 4.47635635e-08, 0.859738648, 9.2690847e-08, 1, 2.99721759e-09, -0.859738648, 8.12206906e-08, -0.5107342),
			Jump = 35,
			Main = CFrame.new(-504.784607, -7.00197697, 195.516968, -0.997308433, 4.82475659e-09, 0.0733204111, 5.50838486e-09, 1, 9.121635e-09, -0.0733204111, 9.50096091e-09, -0.997308433) + Vector3.new(0, 35, 0)
		}
	},
	[6] = {
		[1] = {
			Pos = CFrame.new(-505.14975, -7.00197697, 88.4048538, -0.999908268, 2.32194282e-08, 0.0135425432, 2.49597907e-08, 1, 1.28341668e-07, -0.0135425432, 1.28667907e-07, -0.999908268),
			Main = CFrame.new(-505.14975, -7.00197697, 88.4048538, -0.999908268, 2.32194282e-08, 0.0135425432, 2.49597907e-08, 1, 1.28341668e-07, -0.0135425432, 1.28667907e-07, -0.999908268)
		},
		[2] = {
			Pos = CFrame.new(-495.53067, -7.00197697, 67.8451614, 0.880077124, -9.26204393e-08, 0.474830776, 1.00403774e-07, 1, 8.96609009e-09, -0.474830776, 3.97839521e-08, 0.880077124),
			Jump = 25,
			Main = CFrame.new(-505.14975, -7.00197697, 88.4048538, -0.999908268, 2.32194282e-08, 0.0135425432, 2.49597907e-08, 1, 1.28341668e-07, -0.0135425432, 1.28667907e-07, -0.999908268) + Vector3.new(0, 25, 0)
		},
		[3] = {
			Pos = CFrame.new(-495.53067, -7.00197697, 67.8451614, 0.880077124, -9.26204393e-08, 0.474830776, 1.00403774e-07, 1, 8.96609009e-09, -0.474830776, 3.97839521e-08, 0.880077124),
			Jump = 35,
			Main = CFrame.new(-505.14975, -7.00197697, 88.4048538, -0.999908268, 2.32194282e-08, 0.0135425432, 2.49597907e-08, 1, 1.28341668e-07, -0.0135425432, 1.28667907e-07, -0.999908268) + Vector3.new(0, 35, 0)
		}
	},
	[7] = {
		[1] = {
			Pos = CFrame.new(-494.081055, -7.00197697, 31.7011547, 0.999845386, 1.16319093e-07, -0.0175832082, -1.16473238e-07, 1, -7.74236231e-09, 0.0175832082, 9.78913839e-09, 0.999845386),
			Main = CFrame.new(-494.081055, -7.00197697, 31.7011547, 0.999845386, 1.16319093e-07, -0.0175832082, -1.16473238e-07, 1, -7.74236231e-09, 0.0175832082, 9.78913839e-09, 0.999845386)
		},
		[2] = {
			Pos = CFrame.new(-494.681732, -7.00197697, 48.0141296, 0.871817172, -5.35016209e-09, -0.489831418, 4.97770625e-09, 1, -2.06298023e-09, 0.489831418, -6.39695241e-10, 0.871817172),
			Jump = 25,
			Main = CFrame.new(-494.081055, -7.00197697, 31.7011547, 0.999845386, 1.16319093e-07, -0.0175832082, -1.16473238e-07, 1, -7.74236231e-09, 0.0175832082, 9.78913839e-09, 0.999845386) + Vector3.new(0, 25, 0)
		},
		[3] = {
			Pos = CFrame.new(-494.681732, -7.00197697, 48.0141296, 0.871817172, -5.35016209e-09, -0.489831418, 4.97770625e-09, 1, -2.06298023e-09, 0.489831418, -6.39695241e-10, 0.871817172),
			Jump = 35,
			Main = CFrame.new(-494.081055, -7.00197697, 31.7011547, 0.999845386, 1.16319093e-07, -0.0175832082, -1.16473238e-07, 1, -7.74236231e-09, 0.0175832082, 9.78913839e-09, 0.999845386) + Vector3.new(0, 35, 0)
		}
	},
	[8] = {
		[1] = {
			Pos = CFrame.new(-503.103821, -7.00197697, -75.2421646, 0.999555945, -4.28542757e-09, -0.0297970511, 2.06460027e-09, 1, -7.45625428e-08, 0.0297970511, 7.44679127e-08, 0.999555945),
			Main = CFrame.new(-503.103821, -7.00197697, -75.2421646, 0.999555945, -4.28542757e-09, -0.0297970511, 2.06460027e-09, 1, -7.45625428e-08, 0.0297970511, 7.44679127e-08, 0.999555945),
		},
		[2] = {
			Pos = CFrame.new(-500.816467, -7.00197697, -55.6038704, 0.880135834, -1.05258785e-07, 0.474721909, 6.97626561e-08, 1, 9.23870758e-08, -0.474721909, -4.81953144e-08, 0.880135834),
			Jump = 25,
			Main = CFrame.new(-503.103821, -7.00197697, -75.2421646, 0.999555945, -4.28542757e-09, -0.0297970511, 2.06460027e-09, 1, -7.45625428e-08, 0.0297970511, 7.44679127e-08, 0.999555945) + Vector3.new(0, 25, 0),
		},
		[3] = {
			Pos = CFrame.new(-500.816467, -7.00197697, -55.6038704, 0.880135834, -1.05258785e-07, 0.474721909, 6.97626561e-08, 1, 9.23870758e-08, -0.474721909, -4.81953144e-08, 0.880135834),
			Jump = 35,
			Main = CFrame.new(-503.103821, -7.00197697, -75.2421646, 0.999555945, -4.28542757e-09, -0.0297970511, 2.06460027e-09, 1, -7.45625428e-08, 0.0297970511, 7.44679127e-08, 0.999555945) + Vector3.new(0, 35, 0),
		},
	}
}


local TweenService = game:GetService("TweenService")
local Players = game:GetService("Players")

local function getClosestBase(cf)
	local lastmag = 350
	local last = nil
	for i, p in pairs(cfs) do
		local z = p[1].Main.Position
		if (z - cf.Position).Magnitude < lastmag then
			lastmag = (z - cf.Position).Magnitude
			last = p
		end
	end
	return last
end

local PathfindingService = game:GetService("PathfindingService")

local path = PathfindingService:CreatePath(pathParams)

local lastCompute = 0
local COOLDOWN = 0.1

local itemCount = 0
local currentSelected = nil
local selectedGenerationText = ""
local targetp = nil
































function addButtonPlayer(paren, k,name)


	-- StarterGui.ChilliLibUI.MainBase.Frame.Frame.Player.Playerinfo.Anti Ragdoll
	local NewFrame=  Instance.new("Frame", G2L["1"]);
	NewFrame["AutomaticSize"] = Enum.AutomaticSize.Y;
	NewFrame["Size"] = UDim2.new(1, -16, 0, 0);
	NewFrame["Position"] = UDim2.new(0, 8, 0, 32);
	NewFrame["Name"] = name;
	NewFrame["BackgroundTransparency"] = 1;


	-- StarterGui.ChilliLibUI.MainBase.Frame.Frame.Player.Playerinfo.Anti Ragdoll.UIListLayout
	local NewUiListLayout1= Instance.new("UIListLayout",NewFrame);
	NewUiListLayout1["HorizontalAlignment"] = Enum.HorizontalAlignment.Center;
	NewUiListLayout1["Padding"] = UDim.new(0, 8);
	NewUiListLayout1["SortOrder"] = Enum.SortOrder.LayoutOrder;


	-- StarterGui.ChilliLibUI.MainBase.Frame.Frame.Player.Playerinfo.Anti Ragdoll.UIPadding
	local uipadding1 = Instance.new("UIPadding",NewFrame);
	uipadding1["PaddingBottom"] = UDim.new(0, 6);


	-- StarterGui.ChilliLibUI.MainBase.Frame.Frame.Player.Playerinfo.Anti Ragdoll.Frame
	local newframe1= Instance.new("Frame", NewFrame);
	newframe1["BackgroundColor3"] = Color3.fromRGB(16, 21, 31);
	newframe1["Size"] = UDim2.new(1, 0, 0, 38);
	newframe1["BackgroundTransparency"] = 0.5;


	-- StarterGui.ChilliLibUI.MainBase.Frame.Frame.Player.Playerinfo.Anti Ragdoll.Frame.UICorner
	Instance.new("UICorner", newframe1);



	-- StarterGui.ChilliLibUI.MainBase.Frame.Frame.Player.Playerinfo.Anti Ragdoll.Frame.UIStroke
	local UiStroke = Instance.new("UIStroke",newframe1);
	UiStroke["Transparency"] = 0.9;
	UiStroke["Color"] = Color3.fromRGB(57, 190, 249);


	-- StarterGui.ChilliLibUI.MainBase.Frame.Frame.Player.Playerinfo.Anti Ragdoll.Frame.TextLabel
	local TextLabel1 = Instance.new("TextLabel", newframe1);
	TextLabel1["TextSize"] = 14;
	TextLabel1["TextXAlignment"] = Enum.TextXAlignment.Left;
	TextLabel1["FontFace"] = Font.new([[rbxasset://fonts/families/GothamSSm.json]], Enum.FontWeight.Medium, Enum.FontStyle.Normal);
	TextLabel1["TextColor3"] = Color3.fromRGB(242, 246, 250);
	TextLabel1["BackgroundTransparency"] = 1;
	TextLabel1["Size"] = UDim2.new(1, -10, 1, 0);
	TextLabel1["Text"] = k;
	TextLabel1["Position"] = UDim2.new(0, 10, 0, 0);


	-- StarterGui.ChilliLibUI.MainBase.Frame.Frame.Player.Playerinfo.Anti Ragdoll.Frame.TextButton
	local Button1 = Instance.new("TextButton",newframe1);
	Button1["BackgroundTransparency"] = 1;
	Button1["Size"] = UDim2.new(1, 0, 1, 0);
	Button1["Text"] = [[]];


	-- StarterGui.ChilliLibUI.MainBase.Frame.Frame.Player.Playerinfo.Anti Ragdoll.Frame.Frame
	local newframe2 = Instance.new("Frame",newframe1);
	newframe2["BackgroundColor3"] = Color3.fromRGB(31, 42, 60);
	newframe2["Size"] = UDim2.new(0, 40, 0, 20);
	newframe2["Position"] = UDim2.new(1, -50, 0.5, -10);
	newframe2["BackgroundTransparency"] = 0.1;


	-- StarterGui.ChilliLibUI.MainBase.Frame.Frame.Player.Playerinfo.Anti Ragdoll.Frame.Frame.UICorner
	local uicorner3 = Instance.new("UICorner", newframe2);
	uicorner3["CornerRadius"] = UDim.new(1, 0);


	-- StarterGui.ChilliLibUI.MainBase.Frame.Frame.Player.Playerinfo.Anti Ragdoll.Frame.Frame.Frame
	local newframe4 = Instance.new("Frame",newframe2);
	newframe4["BackgroundColor3"] = Color3.fromRGB(242, 246, 250);
	newframe4["Size"] = UDim2.new(0, 16, 0, 16);
	newframe4["Position"] = UDim2.new(0, 2, 0.5, -8);


	-- StarterGui.ChilliLibUI.MainBase.Frame.Frame.Player.Playerinfo.Anti Ragdoll.Frame.Frame.Frame.UICorner
	local uicorner4 = Instance.new("UICorner", newframe2);
	uicorner4["CornerRadius"] = UDim.new(1, 0);







	return NewFrame





end




local function createMovementButton(parent, frameName, buttonText)
	-- ה-Container הראשי
	local mainFrame = Instance.new("Frame")
	mainFrame.Name = frameName
	mainFrame.BackgroundColor3 = Color3.fromRGB(16, 21, 31)
	mainFrame.Size = UDim2.new(1, 0, 0, 38)
	mainFrame.BackgroundTransparency = 0.5
	mainFrame.Parent = parent -- הגדרת הורה בסוף

	-- UICorner למסגרת
	local mainCorner = Instance.new("UICorner")
	mainCorner.Parent = mainFrame

	-- UIStroke
	local mainStroke = Instance.new("UIStroke")
	mainStroke.Transparency = 0.9
	mainStroke.Color = Color3.fromRGB(57, 190, 249)
	mainStroke.Parent = mainFrame

	-- טקסט הכפתור
	local label = Instance.new("TextLabel")
	label.TextSize = 14
	label.TextXAlignment = Enum.TextXAlignment.Left
	label.FontFace = Font.new("rbxasset://fonts/families/GothamSSm.json", Enum.FontWeight.Medium, Enum.FontStyle.Normal)
	label.TextColor3 = Color3.fromRGB(242, 246, 250)
	label.BackgroundTransparency = 1
	label.Size = UDim2.new(1, -10, 1, 0)
	label.Text = buttonText
	label.Position = UDim2.new(0, 10, 0, 0)
	label.Parent = mainFrame

	-- הכפתור השקוף ללחיצה
	local textButton = Instance.new("TextButton")
	textButton.BackgroundTransparency = 1
	textButton.Size = UDim2.new(1, 0, 1, 0)
	textButton.Text = ""
	textButton.Parent = mainFrame

	-- עיצוב של ה-Toggle (המתג בצד ימין)
	local toggleBG = Instance.new("Frame")
	toggleBG.BackgroundColor3 = Color3.fromRGB(31, 42, 60)
	toggleBG.Size = UDim2.new(0, 40, 0, 20)
	toggleBG.Position = UDim2.new(1, -50, 0.5, -10)
	toggleBG.BackgroundTransparency = 0.1
	toggleBG.Parent = mainFrame

	local toggleCorner = Instance.new("UICorner")
	toggleCorner.CornerRadius = UDim.new(1, 0)
	toggleCorner.Parent = toggleBG

	-- העיגול הפנימי של ה-Toggle
	local toggleCircle = Instance.new("Frame")
	toggleCircle.BackgroundColor3 = Color3.fromRGB(242, 246, 250)
	toggleCircle.Size = UDim2.new(0, 16, 0, 16)
	toggleCircle.Position = UDim2.new(0, 2, 0.5, -8)
	toggleCircle.Parent = toggleBG

	local circleCorner = Instance.new("UICorner")
	circleCorner.CornerRadius = UDim.new(1, 0)
	circleCorner.Parent = toggleCircle

	return textButton
end










-- StarterGui.ChilliLibUI.MainBase
G2L["2"] = Instance.new("Frame", G2L["1"]);
G2L["2"]["BorderSizePixel"] = 0;
G2L["2"]["BackgroundColor3"] = Color3.fromRGB(32, 48, 77);
G2L["2"]["AnchorPoint"] = Vector2.new(0.5, 0.5);
G2L["2"]["Size"] = UDim2.new(0, 495, 0, 340);
G2L["2"]["Position"] = UDim2.new(0.59777, 0, 0.48108, 0);
G2L["2"]["Name"] = [[MainBase]];
Instance.new("UIDragDetector",G2L["2"])

-- StarterGui.ChilliLibUI.MainBase.UICorner
G2L["3"] = Instance.new("UICorner", G2L["2"]);
G2L["3"]["CornerRadius"] = UDim.new(0, 20);


-- StarterGui.ChilliLibUI.MainBase.UIGradient
G2L["4"] = Instance.new("UIGradient", G2L["2"]);
G2L["4"]["Rotation"] = 35;
G2L["4"]["Color"] = ColorSequence.new{ColorSequenceKeypoint.new(0.000, Color3.fromRGB(13, 19, 33)),ColorSequenceKeypoint.new(0.235, Color3.fromRGB(179, 192, 205)),ColorSequenceKeypoint.new(1.000, Color3.fromRGB(11, 83, 121))};


-- StarterGui.ChilliLibUI.MainBase.UIStroke
G2L["5"] = Instance.new("UIStroke", G2L["2"]);
G2L["5"]["Transparency"] = 0.8;
G2L["5"]["Thickness"] = 3;
G2L["5"]["Color"] = Color3.fromRGB(57, 190, 249);
G2L["5"]["ApplyStrokeMode"] = Enum.ApplyStrokeMode.Border;


-- StarterGui.ChilliLibUI.MainBase.UIStroke
G2L["6"] = Instance.new("UIStroke", G2L["2"]);
G2L["6"]["Transparency"] = 0.5;
G2L["6"]["Color"] = Color3.fromRGB(57, 190, 249);
G2L["6"]["ApplyStrokeMode"] = Enum.ApplyStrokeMode.Border;


-- StarterGui.ChilliLibUI.MainBase.TopBar
G2L["7"] = Instance.new("Frame", G2L["2"]);
G2L["7"]["BorderSizePixel"] = 0;
G2L["7"]["BackgroundColor3"] = Color3.fromRGB(26, 33, 49);
G2L["7"]["Size"] = UDim2.new(1, -14, 0, 32);
G2L["7"]["Position"] = UDim2.new(0, 7, 0, 7);
G2L["7"]["Name"] = [[TopBar]];
G2L["7"]["BackgroundTransparency"] = 0.3;


-- StarterGui.ChilliLibUI.MainBase.TopBar.UICorner
G2L["8"] = Instance.new("UICorner", G2L["7"]);
G2L["8"]["CornerRadius"] = UDim.new(0, 12);


-- StarterGui.ChilliLibUI.MainBase.TopBar.TextLabel
G2L["9"] = Instance.new("TextLabel", G2L["7"]);
G2L["9"]["TextWrapped"] = true;
G2L["9"]["TextSize"] = 18;
G2L["9"]["TextXAlignment"] = Enum.TextXAlignment.Left;
G2L["9"]["TextScaled"] = true;
G2L["9"]["FontFace"] = Font.new([[rbxasset://fonts/families/GothamSSm.json]], Enum.FontWeight.Bold, Enum.FontStyle.Normal);
G2L["9"]["TextColor3"] = Color3.fromRGB(242, 246, 250);
G2L["9"]["BackgroundTransparency"] = 1;
G2L["9"]["Size"] = UDim2.new(1.00693, -150, 1, 0);
G2L["9"]["Text"] = [[Nice Hub Premium NEW VERSION BY SOMEONE]];
G2L["9"]["Position"] = UDim2.new(0, 14, 0, 0);


-- StarterGui.ChilliLibUI.MainBase.TopBar.TextLabel.UIGradient
G2L["a"] = Instance.new("UIGradient", G2L["9"]);
G2L["a"]["Color"] = ColorSequence.new{ColorSequenceKeypoint.new(0.000, Color3.fromRGB(35, 212, 239)),ColorSequenceKeypoint.new(0.500, Color3.fromRGB(255, 255, 255)),ColorSequenceKeypoint.new(1.000, Color3.fromRGB(100, 103, 242))};


-- StarterGui.ChilliLibUI.MainBase.TopBar.TextButton
G2L["b"] = Instance.new("TextButton", G2L["7"]);
G2L["b"]["TextSize"] = 14;
G2L["b"]["TextColor3"] = Color3.fromRGB(240, 69, 69);
G2L["b"]["BackgroundColor3"] = Color3.fromRGB(31, 42, 60);
G2L["b"]["FontFace"] = Font.new([[rbxasset://fonts/families/GothamSSm.json]], Enum.FontWeight.Bold, Enum.FontStyle.Normal);
G2L["b"]["Size"] = UDim2.new(0, 24, 0, 24);
G2L["b"]["Text"] = [[X]];
G2L["b"]["Position"] = UDim2.new(1, -30, 0.5, -12);


-- StarterGui.ChilliLibUI.MainBase.TopBar.TextButton.UICorner
G2L["c"] = Instance.new("UICorner", G2L["b"]);



-- StarterGui.ChilliLibUI.MainBase.TopBar.TextButton.UIStroke
G2L["d"] = Instance.new("UIStroke", G2L["b"]);
G2L["d"]["Transparency"] = 0.7;
G2L["d"]["Color"] = Color3.fromRGB(57, 190, 249);


-- StarterGui.ChilliLibUI.MainBase.Frame
G2L["e"] = Instance.new("Frame", G2L["2"]);
G2L["e"]["Size"] = UDim2.new(1, -20, 1, -50);
G2L["e"]["Position"] = UDim2.new(0, 10, 0, 45);
G2L["e"]["BackgroundTransparency"] = 1;


-- StarterGui.ChilliLibUI.MainBase.Frame.ScrollingFrame
G2L["f"] = Instance.new("ScrollingFrame", G2L["e"]);
G2L["f"]["BorderSizePixel"] = 0;
G2L["f"]["CanvasSize"] = UDim2.new(0, 0, 0, 55);
G2L["f"]["AutomaticCanvasSize"] = Enum.AutomaticSize.Y;
G2L["f"]["Size"] = UDim2.new(0, 105, 1, 0);
G2L["f"]["ScrollBarThickness"] = 2;
G2L["f"]["BackgroundTransparency"] = 1;


-- StarterGui.ChilliLibUI.MainBase.Frame.ScrollingFrame.UIListLayout
G2L["10"] = Instance.new("UIListLayout", G2L["f"]);
G2L["10"]["Padding"] = UDim.new(0, 6);
G2L["10"]["SortOrder"] = Enum.SortOrder.LayoutOrder;


-- StarterGui.ChilliLibUI.MainBase.Frame.ScrollingFrame.Stealer
G2L["11"] = Instance.new("TextButton", G2L["f"]);
G2L["11"]["AutoButtonColor"] = false;
G2L["11"]["BackgroundColor3"] = Color3.fromRGB(31, 42, 60);
G2L["11"]["BackgroundTransparency"] = 1;
G2L["11"]["Size"] = UDim2.new(1, -4, 0, 32);
G2L["11"]["Text"] = [[]];
G2L["11"]["Name"] = [[Stealer]];


-- StarterGui.ChilliLibUI.MainBase.Frame.ScrollingFrame.Stealer.UICorner
G2L["12"] = Instance.new("UICorner", G2L["11"]);
G2L["12"]["CornerRadius"] = UDim.new(0, 10);


-- StarterGui.ChilliLibUI.MainBase.Frame.ScrollingFrame.Stealer.UIStroke
G2L["13"] = Instance.new("UIStroke", G2L["11"]);
G2L["13"]["Transparency"] = 1;
G2L["13"]["Color"] = Color3.fromRGB(53, 181, 231);


-- StarterGui.ChilliLibUI.MainBase.Frame.ScrollingFrame.Stealer.Frame
G2L["14"] = Instance.new("Frame", G2L["11"]);
G2L["14"]["BorderSizePixel"] = 0;
G2L["14"]["BackgroundColor3"] = Color3.fromRGB(53, 181, 231);
G2L["14"]["Size"] = UDim2.new(0, 3, 1, -6);
G2L["14"]["Position"] = UDim2.new(0, 1, 0, 3);
G2L["14"]["BackgroundTransparency"] = 1;


-- StarterGui.ChilliLibUI.MainBase.Frame.ScrollingFrame.Stealer.UIGradient
G2L["15"] = Instance.new("UIGradient", G2L["11"]);
G2L["15"]["Enabled"] = false;
G2L["15"]["Rotation"] = 35;
G2L["15"]["Color"] = ColorSequence.new{ColorSequenceKeypoint.new(0.000, Color3.fromRGB(13, 19, 33)),ColorSequenceKeypoint.new(0.550, Color3.fromRGB(22, 31, 48)),ColorSequenceKeypoint.new(1.000, Color3.fromRGB(11, 83, 121))};


-- StarterGui.ChilliLibUI.MainBase.Frame.ScrollingFrame.Stealer.ImageLabel
G2L["16"] = Instance.new("ImageLabel", G2L["11"]);
G2L["16"]["ImageColor3"] = Color3.fromRGB(149, 164, 185);
G2L["16"]["Image"] = [[rbxassetid://]];
G2L["16"]["Size"] = UDim2.new(0, 18, 0, 18);
G2L["16"]["BackgroundTransparency"] = 1;
G2L["16"]["Position"] = UDim2.new(0, 8, 0.5, -9);


-- StarterGui.ChilliLibUI.MainBase.Frame.ScrollingFrame.Stealer.TextLabel
G2L["17"] = Instance.new("TextLabel", G2L["11"]);
G2L["17"]["TextSize"] = 15;
G2L["17"]["TextXAlignment"] = Enum.TextXAlignment.Left;
G2L["17"]["FontFace"] = Font.new([[rbxasset://fonts/families/GothamSSm.json]], Enum.FontWeight.Bold, Enum.FontStyle.Normal);
G2L["17"]["TextColor3"] = Color3.fromRGB(149, 164, 185);
G2L["17"]["BackgroundTransparency"] = 1;
G2L["17"]["Size"] = UDim2.new(1, -32, 1, 0);
G2L["17"]["Text"] = [[Stealer]];
G2L["17"]["Position"] = UDim2.new(0, 30, 0, 0);


-- StarterGui.ChilliLibUI.MainBase.Frame.ScrollingFrame.Helper
G2L["18"] = Instance.new("TextButton", G2L["f"]);
G2L["18"]["AutoButtonColor"] = false;
G2L["18"]["BackgroundColor3"] = Color3.fromRGB(31, 42, 60);
G2L["18"]["BackgroundTransparency"] = 1;
G2L["18"]["Size"] = UDim2.new(1, -4, 0, 32);
G2L["18"]["Text"] = [[]];
G2L["18"]["Name"] = [[Helper]];


-- StarterGui.ChilliLibUI.MainBase.Frame.ScrollingFrame.Helper.UICorner
G2L["19"] = Instance.new("UICorner", G2L["18"]);
G2L["19"]["CornerRadius"] = UDim.new(0, 10);


-- StarterGui.ChilliLibUI.MainBase.Frame.ScrollingFrame.Helper.UIStroke
G2L["1a"] = Instance.new("UIStroke", G2L["18"]);
G2L["1a"]["Transparency"] = 1;
G2L["1a"]["Color"] = Color3.fromRGB(53, 181, 231);


-- StarterGui.ChilliLibUI.MainBase.Frame.ScrollingFrame.Helper.Frame
G2L["1b"] = Instance.new("Frame", G2L["18"]);
G2L["1b"]["BorderSizePixel"] = 0;
G2L["1b"]["BackgroundColor3"] = Color3.fromRGB(53, 181, 231);
G2L["1b"]["Size"] = UDim2.new(0, 3, 1, -6);
G2L["1b"]["Position"] = UDim2.new(0, 1, 0, 3);
G2L["1b"]["BackgroundTransparency"] = 1;


-- StarterGui.ChilliLibUI.MainBase.Frame.ScrollingFrame.Helper.UIGradient
G2L["1c"] = Instance.new("UIGradient", G2L["18"]);
G2L["1c"]["Enabled"] = false;
G2L["1c"]["Rotation"] = 35;
G2L["1c"]["Color"] = ColorSequence.new{ColorSequenceKeypoint.new(0.000, Color3.fromRGB(13, 19, 33)),ColorSequenceKeypoint.new(0.550, Color3.fromRGB(22, 31, 48)),ColorSequenceKeypoint.new(1.000, Color3.fromRGB(11, 83, 121))};


-- StarterGui.ChilliLibUI.MainBase.Frame.ScrollingFrame.Helper.ImageLabel
G2L["1d"] = Instance.new("ImageLabel", G2L["18"]);
G2L["1d"]["ImageColor3"] = Color3.fromRGB(149, 164, 185);
G2L["1d"]["Image"] = [[rbxassetid://]];
G2L["1d"]["Size"] = UDim2.new(0, 18, 0, 18);
G2L["1d"]["BackgroundTransparency"] = 1;
G2L["1d"]["Position"] = UDim2.new(0, 8, 0.5, -9);


-- StarterGui.ChilliLibUI.MainBase.Frame.ScrollingFrame.Helper.TextLabel
G2L["1e"] = Instance.new("TextLabel", G2L["18"]);
G2L["1e"]["TextSize"] = 15;
G2L["1e"]["TextXAlignment"] = Enum.TextXAlignment.Left;
G2L["1e"]["FontFace"] = Font.new([[rbxasset://fonts/families/GothamSSm.json]], Enum.FontWeight.Bold, Enum.FontStyle.Normal);
G2L["1e"]["TextColor3"] = Color3.fromRGB(149, 164, 185);
G2L["1e"]["BackgroundTransparency"] = 1;
G2L["1e"]["Size"] = UDim2.new(1, -32, 1, 0);
G2L["1e"]["Text"] = [[Helper]];
G2L["1e"]["Position"] = UDim2.new(0, 30, 0, 0);


-- StarterGui.ChilliLibUI.MainBase.Frame.ScrollingFrame.Player
G2L["1f"] = Instance.new("TextButton", G2L["f"]);
G2L["1f"]["AutoButtonColor"] = false;
G2L["1f"]["BackgroundColor3"] = Color3.fromRGB(31, 42, 60);
G2L["1f"]["BackgroundTransparency"] = 1;
G2L["1f"]["Size"] = UDim2.new(1, -4, 0, 32);
G2L["1f"]["Text"] = [[]];
G2L["1f"]["Name"] = [[Player]];


-- StarterGui.ChilliLibUI.MainBase.Frame.ScrollingFrame.Player.UICorner
G2L["20"] = Instance.new("UICorner", G2L["1f"]);
G2L["20"]["CornerRadius"] = UDim.new(0, 10);


-- StarterGui.ChilliLibUI.MainBase.Frame.ScrollingFrame.Player.UIStroke
G2L["21"] = Instance.new("UIStroke", G2L["1f"]);
G2L["21"]["Transparency"] = 1;
G2L["21"]["Color"] = Color3.fromRGB(53, 181, 231);


-- StarterGui.ChilliLibUI.MainBase.Frame.ScrollingFrame.Player.Frame
G2L["22"] = Instance.new("Frame", G2L["1f"]);
G2L["22"]["BorderSizePixel"] = 0;
G2L["22"]["BackgroundColor3"] = Color3.fromRGB(53, 181, 231);
G2L["22"]["Size"] = UDim2.new(0, 3, 1, -6);
G2L["22"]["Position"] = UDim2.new(0, 1, 0, 3);
G2L["22"]["BackgroundTransparency"] = 1;


-- StarterGui.ChilliLibUI.MainBase.Frame.ScrollingFrame.Player.UIGradient
G2L["23"] = Instance.new("UIGradient", G2L["1f"]);
G2L["23"]["Enabled"] = false;
G2L["23"]["Rotation"] = 35;
G2L["23"]["Color"] = ColorSequence.new{ColorSequenceKeypoint.new(0.000, Color3.fromRGB(13, 19, 33)),ColorSequenceKeypoint.new(0.550, Color3.fromRGB(22, 31, 48)),ColorSequenceKeypoint.new(1.000, Color3.fromRGB(11, 83, 121))};


-- StarterGui.ChilliLibUI.MainBase.Frame.ScrollingFrame.Player.ImageLabel
G2L["24"] = Instance.new("ImageLabel", G2L["1f"]);
G2L["24"]["ImageColor3"] = Color3.fromRGB(149, 164, 185);
G2L["24"]["Image"] = [[rbxassetid://]];
G2L["24"]["Size"] = UDim2.new(0, 18, 0, 18);
G2L["24"]["BackgroundTransparency"] = 1;
G2L["24"]["Position"] = UDim2.new(0, 8, 0.5, -9);


-- StarterGui.ChilliLibUI.MainBase.Frame.ScrollingFrame.Player.TextLabel
G2L["25"] = Instance.new("TextLabel", G2L["1f"]);
G2L["25"]["TextSize"] = 15;
G2L["25"]["TextXAlignment"] = Enum.TextXAlignment.Left;
G2L["25"]["FontFace"] = Font.new([[rbxasset://fonts/families/GothamSSm.json]], Enum.FontWeight.Bold, Enum.FontStyle.Normal);
G2L["25"]["TextColor3"] = Color3.fromRGB(149, 164, 185);
G2L["25"]["BackgroundTransparency"] = 1;
G2L["25"]["Size"] = UDim2.new(1, -32, 1, 0);
G2L["25"]["Text"] = [[Player]];
G2L["25"]["Position"] = UDim2.new(0, 30, 0, 0);


-- StarterGui.ChilliLibUI.MainBase.Frame.ScrollingFrame.Server
G2L["26"] = Instance.new("TextButton", G2L["f"]);
G2L["26"]["AutoButtonColor"] = false;
G2L["26"]["BackgroundColor3"] = Color3.fromRGB(31, 42, 60);
G2L["26"]["BackgroundTransparency"] = 1;
G2L["26"]["Size"] = UDim2.new(1, -4, 0, 32);
G2L["26"]["Text"] = [[]];
G2L["26"]["Name"] = [[Server]];


-- StarterGui.ChilliLibUI.MainBase.Frame.ScrollingFrame.Server.UICorner
G2L["27"] = Instance.new("UICorner", G2L["26"]);
G2L["27"]["CornerRadius"] = UDim.new(0, 10);


-- StarterGui.ChilliLibUI.MainBase.Frame.ScrollingFrame.Server.UIStroke
G2L["28"] = Instance.new("UIStroke", G2L["26"]);
G2L["28"]["Transparency"] = 1;
G2L["28"]["Color"] = Color3.fromRGB(53, 181, 231);


-- StarterGui.ChilliLibUI.MainBase.Frame.ScrollingFrame.Server.Frame
G2L["29"] = Instance.new("Frame", G2L["26"]);
G2L["29"]["BorderSizePixel"] = 0;
G2L["29"]["BackgroundColor3"] = Color3.fromRGB(53, 181, 231);
G2L["29"]["Size"] = UDim2.new(0, 3, 1, -6);
G2L["29"]["Position"] = UDim2.new(0, 1, 0, 3);
G2L["29"]["BackgroundTransparency"] = 1;


-- StarterGui.ChilliLibUI.MainBase.Frame.ScrollingFrame.Server.UIGradient
G2L["2a"] = Instance.new("UIGradient", G2L["26"]);
G2L["2a"]["Enabled"] = false;
G2L["2a"]["Rotation"] = 35;
G2L["2a"]["Color"] = ColorSequence.new{ColorSequenceKeypoint.new(0.000, Color3.fromRGB(13, 19, 33)),ColorSequenceKeypoint.new(0.550, Color3.fromRGB(22, 31, 48)),ColorSequenceKeypoint.new(1.000, Color3.fromRGB(11, 83, 121))};


-- StarterGui.ChilliLibUI.MainBase.Frame.ScrollingFrame.Server.ImageLabel
G2L["2b"] = Instance.new("ImageLabel", G2L["26"]);
G2L["2b"]["ImageColor3"] = Color3.fromRGB(149, 164, 185);
G2L["2b"]["Image"] = [[rbxassetid://]];
G2L["2b"]["Size"] = UDim2.new(0, 18, 0, 18);
G2L["2b"]["BackgroundTransparency"] = 1;
G2L["2b"]["Position"] = UDim2.new(0, 8, 0.5, -9);


-- StarterGui.ChilliLibUI.MainBase.Frame.ScrollingFrame.Server.TextLabel
G2L["2c"] = Instance.new("TextLabel", G2L["26"]);
G2L["2c"]["TextSize"] = 15;
G2L["2c"]["TextXAlignment"] = Enum.TextXAlignment.Left;
G2L["2c"]["FontFace"] = Font.new([[rbxasset://fonts/families/GothamSSm.json]], Enum.FontWeight.Bold, Enum.FontStyle.Normal);
G2L["2c"]["TextColor3"] = Color3.fromRGB(149, 164, 185);
G2L["2c"]["BackgroundTransparency"] = 1;
G2L["2c"]["Size"] = UDim2.new(1, -32, 1, 0);
G2L["2c"]["Text"] = [[Server]];
G2L["2c"]["Position"] = UDim2.new(0, 30, 0, 0);


-- StarterGui.ChilliLibUI.MainBase.Frame.ScrollingFrame.Esp
G2L["2d"] = Instance.new("TextButton", G2L["f"]);
G2L["2d"]["AutoButtonColor"] = false;
G2L["2d"]["BackgroundColor3"] = Color3.fromRGB(31, 42, 60);
G2L["2d"]["BackgroundTransparency"] = 1;
G2L["2d"]["Size"] = UDim2.new(1, -4, 0, 32);
G2L["2d"]["Text"] = [[Esp]];
G2L["2d"]["Name"] = [[Esp]];


-- StarterGui.ChilliLibUI.MainBase.Frame.ScrollingFrame.Esp.UICorner
G2L["2e"] = Instance.new("UICorner", G2L["2d"]);
G2L["2e"]["CornerRadius"] = UDim.new(0, 10);


-- StarterGui.ChilliLibUI.MainBase.Frame.ScrollingFrame.Esp.UIStroke
G2L["2f"] = Instance.new("UIStroke", G2L["2d"]);
G2L["2f"]["Transparency"] = 1;
G2L["2f"]["Color"] = Color3.fromRGB(53, 181, 231);


-- StarterGui.ChilliLibUI.MainBase.Frame.ScrollingFrame.Esp.Frame
G2L["30"] = Instance.new("Frame", G2L["2d"]);
G2L["30"]["BorderSizePixel"] = 0;
G2L["30"]["BackgroundColor3"] = Color3.fromRGB(53, 181, 231);
G2L["30"]["Size"] = UDim2.new(0, 3, 1, -6);
G2L["30"]["Position"] = UDim2.new(0, 1, 0, 3);
G2L["30"]["BackgroundTransparency"] = 1;


-- StarterGui.ChilliLibUI.MainBase.Frame.ScrollingFrame.Esp.UIGradient
G2L["31"] = Instance.new("UIGradient", G2L["2d"]);
G2L["31"]["Enabled"] = false;
G2L["31"]["Rotation"] = 35;
G2L["31"]["Color"] = ColorSequence.new{ColorSequenceKeypoint.new(0.000, Color3.fromRGB(13, 19, 33)),ColorSequenceKeypoint.new(0.550, Color3.fromRGB(22, 31, 48)),ColorSequenceKeypoint.new(1.000, Color3.fromRGB(11, 83, 121))};


-- StarterGui.ChilliLibUI.MainBase.Frame.ScrollingFrame.Esp.ImageLabel
G2L["32"] = Instance.new("ImageLabel", G2L["2d"]);
G2L["32"]["ImageColor3"] = Color3.fromRGB(149, 164, 185);
G2L["32"]["Image"] = [[rbxassetid://]];
G2L["32"]["Size"] = UDim2.new(0, 18, 0, 18);
G2L["32"]["BackgroundTransparency"] = 1;
G2L["32"]["Position"] = UDim2.new(0, 8, 0.5, -9);


-- StarterGui.ChilliLibUI.MainBase.Frame.ScrollingFrame.Esp.TextLabel
G2L["33"] = Instance.new("TextLabel", G2L["2d"]);
G2L["33"]["TextSize"] = 15;
G2L["33"]["TextXAlignment"] = Enum.TextXAlignment.Left;
G2L["33"]["FontFace"] = Font.new([[rbxasset://fonts/families/GothamSSm.json]], Enum.FontWeight.Bold, Enum.FontStyle.Normal);
G2L["33"]["TextColor3"] = Color3.fromRGB(149, 164, 185);
G2L["33"]["BackgroundTransparency"] = 1;
G2L["33"]["Size"] = UDim2.new(1, -32, 1, 0);
G2L["33"]["Text"] = [[Esp]];
G2L["33"]["Position"] = UDim2.new(0, 30, 0, 0);


-- StarterGui.ChilliLibUI.MainBase.Frame.ScrollingFrame.Priority
G2L["34"] = Instance.new("TextButton", G2L["f"]);
G2L["34"]["AutoButtonColor"] = false;
G2L["34"]["BackgroundColor3"] = Color3.fromRGB(31, 42, 60);
G2L["34"]["BackgroundTransparency"] = 1;
G2L["34"]["Size"] = UDim2.new(1, -4, 0, 32);
G2L["34"]["Text"] = [[Esp]];
G2L["34"]["Name"] = [[Priority]];


-- StarterGui.ChilliLibUI.MainBase.Frame.ScrollingFrame.Priority.UICorner
G2L["35"] = Instance.new("UICorner", G2L["34"]);
G2L["35"]["CornerRadius"] = UDim.new(0, 10);


-- StarterGui.ChilliLibUI.MainBase.Frame.ScrollingFrame.Priority.UIStroke
G2L["36"] = Instance.new("UIStroke", G2L["34"]);
G2L["36"]["Transparency"] = 1;
G2L["36"]["Color"] = Color3.fromRGB(53, 181, 231);


-- StarterGui.ChilliLibUI.MainBase.Frame.ScrollingFrame.Priority.Frame
G2L["37"] = Instance.new("Frame", G2L["34"]);
G2L["37"]["BorderSizePixel"] = 0;
G2L["37"]["BackgroundColor3"] = Color3.fromRGB(53, 181, 231);
G2L["37"]["Size"] = UDim2.new(0, 3, 1, -6);
G2L["37"]["Position"] = UDim2.new(0, 1, 0, 3);
G2L["37"]["BackgroundTransparency"] = 1;


-- StarterGui.ChilliLibUI.MainBase.Frame.ScrollingFrame.Priority.UIGradient
G2L["38"] = Instance.new("UIGradient", G2L["34"]);
G2L["38"]["Enabled"] = false;
G2L["38"]["Rotation"] = 35;
G2L["38"]["Color"] = ColorSequence.new{ColorSequenceKeypoint.new(0.000, Color3.fromRGB(13, 19, 33)),ColorSequenceKeypoint.new(0.550, Color3.fromRGB(22, 31, 48)),ColorSequenceKeypoint.new(1.000, Color3.fromRGB(11, 83, 121))};


-- StarterGui.ChilliLibUI.MainBase.Frame.ScrollingFrame.Priority.ImageLabel
G2L["39"] = Instance.new("ImageLabel", G2L["34"]);
G2L["39"]["ImageColor3"] = Color3.fromRGB(149, 164, 185);
G2L["39"]["Image"] = [[rbxassetid://]];
G2L["39"]["Size"] = UDim2.new(0, 18, 0, 18);
G2L["39"]["BackgroundTransparency"] = 1;
G2L["39"]["Position"] = UDim2.new(0, 8, 0.5, -9);


-- StarterGui.ChilliLibUI.MainBase.Frame.ScrollingFrame.Priority.TextLabel
G2L["3a"] = Instance.new("TextLabel", G2L["34"]);
G2L["3a"]["TextSize"] = 15;
G2L["3a"]["TextXAlignment"] = Enum.TextXAlignment.Left;
G2L["3a"]["FontFace"] = Font.new([[rbxasset://fonts/families/GothamSSm.json]], Enum.FontWeight.Bold, Enum.FontStyle.Normal);
G2L["3a"]["TextColor3"] = Color3.fromRGB(149, 164, 185);
G2L["3a"]["BackgroundTransparency"] = 1;
G2L["3a"]["Size"] = UDim2.new(1, -32, 1, 0);
G2L["3a"]["Text"] = [[Priority]];
G2L["3a"]["Position"] = UDim2.new(0, 30, 0, 0);


-- StarterGui.ChilliLibUI.MainBase.Frame.ScrollingFrame.Duels
G2L["3b"] = Instance.new("TextButton", G2L["f"]);
G2L["3b"]["AutoButtonColor"] = false;
G2L["3b"]["BackgroundColor3"] = Color3.fromRGB(31, 42, 60);
G2L["3b"]["BackgroundTransparency"] = 1;
G2L["3b"]["Size"] = UDim2.new(1, -4, 0, 32);
G2L["3b"]["Text"] = [[Esp]];
G2L["3b"]["Name"] = [[Duels]];


-- StarterGui.ChilliLibUI.MainBase.Frame.ScrollingFrame.Duels.UICorner
G2L["3c"] = Instance.new("UICorner", G2L["3b"]);
G2L["3c"]["CornerRadius"] = UDim.new(0, 10);


-- StarterGui.ChilliLibUI.MainBase.Frame.ScrollingFrame.Duels.UIStroke
G2L["3d"] = Instance.new("UIStroke", G2L["3b"]);
G2L["3d"]["Transparency"] = 1;
G2L["3d"]["Color"] = Color3.fromRGB(53, 181, 231);


-- StarterGui.ChilliLibUI.MainBase.Frame.ScrollingFrame.Duels.Frame
G2L["3e"] = Instance.new("Frame", G2L["3b"]);
G2L["3e"]["BorderSizePixel"] = 0;
G2L["3e"]["BackgroundColor3"] = Color3.fromRGB(53, 181, 231);
G2L["3e"]["Size"] = UDim2.new(0, 3, 1, -6);
G2L["3e"]["Position"] = UDim2.new(0, 1, 0, 3);
G2L["3e"]["BackgroundTransparency"] = 1;


-- StarterGui.ChilliLibUI.MainBase.Frame.ScrollingFrame.Duels.UIGradient
G2L["3f"] = Instance.new("UIGradient", G2L["3b"]);
G2L["3f"]["Enabled"] = false;
G2L["3f"]["Rotation"] = 35;
G2L["3f"]["Color"] = ColorSequence.new{ColorSequenceKeypoint.new(0.000, Color3.fromRGB(13, 19, 33)),ColorSequenceKeypoint.new(0.550, Color3.fromRGB(22, 31, 48)),ColorSequenceKeypoint.new(1.000, Color3.fromRGB(11, 83, 121))};


-- StarterGui.ChilliLibUI.MainBase.Frame.ScrollingFrame.Duels.ImageLabel
G2L["40"] = Instance.new("ImageLabel", G2L["3b"]);
G2L["40"]["ImageColor3"] = Color3.fromRGB(149, 164, 185);
G2L["40"]["Image"] = [[rbxassetid://]];
G2L["40"]["Size"] = UDim2.new(0, 18, 0, 18);
G2L["40"]["BackgroundTransparency"] = 1;
G2L["40"]["Position"] = UDim2.new(0, 8, 0.5, -9);


-- StarterGui.ChilliLibUI.MainBase.Frame.ScrollingFrame.Duels.TextLabel
G2L["41"] = Instance.new("TextLabel", G2L["3b"]);
G2L["41"]["TextSize"] = 15;
G2L["41"]["TextXAlignment"] = Enum.TextXAlignment.Left;
G2L["41"]["FontFace"] = Font.new([[rbxasset://fonts/families/GothamSSm.json]], Enum.FontWeight.Bold, Enum.FontStyle.Normal);
G2L["41"]["TextColor3"] = Color3.fromRGB(149, 164, 185);
G2L["41"]["BackgroundTransparency"] = 1;
G2L["41"]["Size"] = UDim2.new(1, -32, 1, 0);
G2L["41"]["Text"] = [[Duels]];
G2L["41"]["Position"] = UDim2.new(0, 30, 0, 0);


-- StarterGui.ChilliLibUI.MainBase.Frame.m
G2L["42"] = Instance.new("Frame", G2L["e"]);
G2L["42"]["BorderSizePixel"] = 0;
G2L["42"]["BackgroundColor3"] = Color3.fromRGB(57, 190, 249);
G2L["42"]["Size"] = UDim2.new(0, 1, 1, 0);
G2L["42"]["Position"] = UDim2.new(0, 115, 0, 0);
G2L["42"]["Name"] = [[m]];
G2L["42"]["BackgroundTransparency"] = 0.8;


-- StarterGui.ChilliLibUI.MainBase.Frame.Frame
G2L["43"] = Instance.new("Frame", G2L["e"]);
G2L["43"]["ClipsDescendants"] = true;
G2L["43"]["Size"] = UDim2.new(1, -125, 1, 0);
G2L["43"]["Position"] = UDim2.new(0, 125, 0, 0);
G2L["43"]["BackgroundTransparency"] = 1;


-- StarterGui.ChilliLibUI.MainBase.Frame.Frame.Stealer
G2L["44"] = Instance.new("ScrollingFrame", G2L["43"]);
G2L["44"]["Visible"] = false;
G2L["44"]["BorderSizePixel"] = 0;
G2L["44"]["CanvasSize"] = UDim2.new(0, 0, 0, 0);
G2L["44"]["Name"] = [[Stealer]];
G2L["44"]["AutomaticCanvasSize"] = Enum.AutomaticSize.Y;
G2L["44"]["Size"] = UDim2.new(1, 0, 1, 0);
G2L["44"]["ScrollBarImageColor3"] = Color3.fromRGB(53, 181, 231);
G2L["44"]["ScrollBarThickness"] = 2;
G2L["44"]["BackgroundTransparency"] = 1;


-- StarterGui.ChilliLibUI.MainBase.Frame.Frame.Stealer.UIListLayout
G2L["45"] = Instance.new("UIListLayout", G2L["44"]);
G2L["45"]["Padding"] = UDim.new(0, 12);
G2L["45"]["SortOrder"] = Enum.SortOrder.LayoutOrder;


-- StarterGui.ChilliLibUI.MainBase.Frame.Frame.Stealer.UIPadding
G2L["46"] = Instance.new("UIPadding", G2L["44"]);
